15 0.10515372800000478
16 0.06674299699807307
17 0.11191043700091541
18 0.0901487779992749
19 0.11857999299536459
20 0.09771417700540042
21 0.0899898830029997
22 0.0879391670023324
23 0.09106121200602502
24 0.10210797999752685
25 0.10387017999892123
26 0.10437694499705685
27 0.10829954899963923
28 0.10970823499519611
29 0.11454717900051037
30 0.11972685100045055
31 0.12215728300361661
32 0.12556702999427216
33 0.1296415840042755
34 0.15887964099965757
35 0.13737894800578943
36 0.14129796699853614
37 0.1449743179982761
38 0.14652195300004678
39 0.15175508700485807
40 0.15467970999452518
41 0.15831667999736965
42 0.16581987900281092
43 0.1671232609951403
44 0.16995956699975068
45 0.17248516700055916
46 0.17920953300199471
47 0.18293883500155061
48 0.18351737399643753
49 0.18906247700215317
50 0.1926023880005232
51 0.19571324400021695
52 0.20724390499526635
53 0.20467431800352642
54 0.20726690199808218
55 0.21158332499908283
56 0.21556003099976806
57 0.22852198999316897
58 0.2249450609961059
59 0.22662082099850522
60 0.23133421700185863
61 0.23374843999772565
62 0.2393717689992627
63 0.2414674890023889
64 0.24304518999997526
65 0.25044397199962987
66 0.2527991630049655
67 0.2559975999974995
68 0.26167511300445767
69 0.2626226489956025
70 0.26906177699856926
71 0.2681947719975142
72 0.2769631700066384
73 0.2804108720010845
74 0.2843482270036475
75 0.28354606100037927
76 0.29007097800058546
77 0.29945412799861515
78 0.29744129900063854
79 0.30148629099858226
80 0.3102451789964107
81 0.303352080998593
82 0.31180328999471385
83 0.3173071969940793
84 0.31858475699846167
85 0.32043636899470584
86 0.3480812780035194
87 0.3264281209994806
88 0.3327489489965956
89 0.3411327119974885
90 0.3416279070006567
91 0.34355221000441816
92 0.3501543849997688
93 0.3640482890041312
94 0.3585369479988003
95 0.36062855000636773
96 0.3659744850010611
97 0.3653053559974069
98 0.3791474190002191
99 0.37654312599624973
100 0.3828805659941281
101 0.38226643599773524
102 0.3868702019972261
103 0.4012226070044562
104 0.39388367000356084
105 0.4006016319981427
106 0.4010504029938602
107 0.40653690800536424
108 0.40807757199945627
109 0.4127309030009201
110 0.41897329900530167
111 0.41821432600409025
112 0.42543141200440004
113 0.4277099350001663
114 0.4322427939987392
115 0.43972254500113195
116 0.44151803699787706
117 0.4472748020052677
118 0.44873397100309376
119 0.453347611000936
120 0.4548015190011938
121 0.4581764960021246
122 0.45907141999487067
123 0.4646251080048387
124 0.47225725200405577
125 0.47302966600545915
126 0.481327911002154
127 0.47763664899684954
128 0.48753894199762726
129 0.48964347100263694
130 0.49126269800035516
131 0.49638126399804605
132 0.5003601179996622
133 0.505141542002093
134 0.5105748909991235
135 0.5071499429977848
136 0.5219053219989291
137 0.520773566000571
138 0.521000444998208
139 0.525084439002967
140 0.5302027149955393
141 0.5350535429970478
142 0.5357647700002417
143 0.5424304290063446
144 0.5493134799980908
145 0.5857939389970852
146 0.6257043639998301
147 0.5743411839939654
148 0.5665487279984518
149 0.5662777580000693
150 0.5700061860043206
