8 0.008055359998252243
9 0.01646308699855581
10 0.029088162998959888
11 0.04060882699559443
12 0.05617511799937347
13 0.0627078760007862
14 0.056824469997081906
15 0.07003097100096056
16 0.10889369799406268
17 0.09597199700510828
18 0.11373126700345892
19 0.12746779800363583
20 0.14516734900098527
21 0.16574341100204038
22 0.19082766999781597
23 0.2111963079951238
24 0.23470662099862238
25 0.26262352500634734
26 0.2857085299983737
27 0.31882989600126166
28 0.3400853599960101
29 0.37957803499739384
30 0.4174978410010226
31 0.4404393240038189
32 0.48077089699654607
33 0.5161242339963792
34 0.5598584979961743
35 0.5939127559977351
36 0.636235083999054
37 0.6738079800052219
38 0.7160070430036285
39 0.770102250004129
40 0.8124255100046867
41 0.8581086989943287
42 0.9235032329961541
43 0.9592986829957226
44 1.0116777410003124
45 1.0657475990010425
46 1.1219299449949176
47 1.1737965489955968
48 1.2387166300031822
49 1.2969390629950794
50 1.353062984002463
51 1.4045953989989357
52 1.466724740996142
53 1.5345563750015572
54 1.6052765070053283
55 1.6732931599981384
56 1.7211236049988656
57 1.804134031997819
58 1.8828336660008063
59 1.943984862002253
60 2.030013006005902
61 2.1080428090062924
62 2.173211633999017
63 2.2562594339979114
64 2.328729963002843
65 2.4352709770028014
66 2.4985916969963
67 2.574278059997596
68 2.657567393995123
69 2.741359121995629
70 2.8297059850010555
71 3.2228264580044197
72 3.0244506410017493
73 3.1137057110026944
74 3.198920228998759
75 3.3249473069954547
76 3.3863963190015056
77 3.4818257539955084
78 3.5927237549985875
79 3.6681972829974256
80 3.8077612630004296
